1:
3.709059009047112
3.3089745922880662
3.6164252647137065
4.733826751324031
3.72060294847891
3.9244982619299145
3.408774991489663
3.71935519626782
4.053219435934107
3.5402035629182342
2.9871299698446414
3.610325379086562
3.9943605770752484
4.017470643663576
2.8027143854290566
3.9643305470452184
3.606924393430534
4.529987112701784
4.152364735079406
4.202425785140457
3.096274991489663
5.075441658156329
3.5459100899282237
10:
2.9159622474544786
2.661226851271714
1000:
3.207331445085566
2.897988010742132
2.610109222863344
4.610109222863343
3.737497757895191
3.3668659796201004
3.235109222863344
3.8975107976664938
2.9561712753693103
2.4683769393987767
3.2522144860212387
3.499408115852274
3.2066926657017145
4.294319749179133
3.885109222863344
3.005458060072646
2.970764960568262
2.998168924355881
3.1599875683621272
3.610109222863344
3.343442556196677
3.8843027712504408
2.3454033405104027
3.0175166302707512
4.023902326311619
3.058214659436655
3.5822022461191576
10000:
3.6344742779429033
3.48833988487932
10001:
3.421362831568651
4.318308264546113
3.736194359847833
2.722288757494577
4.343981879187699
3.448214683420503
3.4671447245727665
4.0046961649019845
3.955783121423724
3.556880630921402
4.146418572928741
4.161275112270405
2.9296961649019844
4.198189315586916
3.6350642630614938
3.485373319484748
4.397988847828814
10002:
4.274922053306546
3.309304619892502
4.721671357632374
4.004152395068146
10003:
2.4071884161737223
10004:
5.08119370702092
4.1062305258721725
4.326212997388385
3.9108019544436003
4.690580848915962
4.332187575358633
4.458466076581005
4.312579732221378
4.2948019544436
4.230454128356644
4.39439099553949
3.95176308518565
4.2948019544436
3.880040049681696
4.423690843332489
4.341003504831198
4.4410519544436005
4.4348019544436
4.6253679921794495
4.032447166374526
4.262074681716328
4.028919601502424
4.072708091627716
4.150186569828216
5.320516240157886
3.8310982507398967
4.171165590807236
4.3681352877769335
3.4848019544436006
4.8170600189597295
4.558898339985769
10005:
3.5387315311956034
4.000981586128585
3.2240296341766332
2.8832266463148217
2.988834273981273
10006:
3.7382813256555356
3.1633734822258197
3.926732029880888
2.6528444993185403
10007:
2.0719361090850383
2.6769893005744
2.2500981566629608
2.259108134655117
2.0311559672410664
2.518032607661014
2.1444893005743997
2.8644893005744
2.4553983914834907
2.7705295690307756
2.2544893005744
2.5589337450188445
2.330475695132223
10008:
4.678279648928507
3.2151460083755117
3.4818510774999356
2.6807009564345603
4.202642882594066
3.9639939346427924
3.9401844108332686
10009:
2.972143672219228
3.385963934198999
4.545527343762409
2.6375257975699076
2.544350581716081
3.289117087352152
1001:
4.357399111026693
3.3672513277754605
2.9672513277754606
3.113476685459907
3.949565009644204
3.9320022856298666
3.658380572313497
3.3646581121881325
2.6110434258954967
3.605377547684374
3.552204305831887
3.796214171934776
2.856323130228811
3.514081138676462
3.323113396740978
3.229955502004136
3.9288276824552635
3.7288276824552633
2.840915594543176
3.0641660283199252
2.8573991110266923
3.6627212398782327
3.2412442378624733
2.68392972327159
3.4523239230567673
2.9622623329111906
3.529477033104614
3.5518971805247617
3.643113396740978
4.093757173565011
3.5908258150416317
4.6431133967409774
2.882782818228581
3.3868108757325746
3.3635435042678594
3.386642808505684
4.000256253883835
2.643113396740978
2.694806801375559
3.646622168670802
3.8889234526069
2.939409693037274
3.555613396740978
3.92516467879226
4.01606421641311
3.6005602052516164
3.283113396740978
3.064988396740978
3.114722229548549
3.9960545732115658
3.093113396740978
2.2624427853011357
2.4431133967409777
3.6014467300743114
3.717879751881165
4.087557841185422
2.822754115303852
3.371137438814607
3.475766457965468
3.076959550587132
3.3400830937106747
3.043113396740978
3.022423741568564
2.86487071891671
3.9202218304759175
2.844948259126299
2.7340224876500687
2.9097800634076445
3.9158406694682504
3.408738396740978
2.898704451054077
3.0617180479037684
3.453924207551789
2.8925138763572846
3.024065777693359
3.6564467300743115
2.537850238846241
2.6000670391250837
3.4457889820252587
3.4590129783309362
3.643113396740978
3.9205700441398217
2.4754115333869406
3.54752516144686
3.3548251084526894
3.239357528196377
3.2777287813563625
3.9813486908586246
3.2619914020838094
2.7859705395981207
3.976446730074311
3.4050181586457398
3.5710413246689057
3.7073335802272163
3.0320022856298667
2.643113396740978
3.022423741568564
3.0875578411854225
3.2186947920898152
3.3573991110266923
3.4764467300743114
3.3908611444887256
2.9764467300743114
2.9401517242671105
3.3814054077602616
3.361863396740978
3.5928488464764277
3.6761119620207485
3.5813850016792497
2.6354798089547185
2.9372310437998013
3.2769162136423864
3.3117880955361585
2.92252516144686
3.3097800634076444
2.605613396740978
2.9357059893335706
3.765828801440717
3.629868363628395
2.9788276824552637
3.2145419681695495
3.394525826119509
3.138162901691473
3.393113396740978
3.172699195557546
3.2784075143880367
2.9764467300743114
3.7308326949865918
3.337313748234827
3.1163734700010512
3.3764467300743113
3.654317878533695
3.5320022856298667
3.110855332224849
10010:
2.232161264133237
2.0249670195289204
2.0658761104380114
2.901437607764215
2.6146221919427135
2.196877131888471
2.34261407835245
2.1249670195289205
1.66436095892286
2.4685567631186642
1.836453506015407
1.8190846665877443
1.958442499273057
1.6543148456158772
2.8054267896438634
2.12368084589548
1.8499670195289206
2.582905738191873
1.1948465376012098
2.1930521259118994
1.6293329238948249
1.8004387176421282
1.8782798084349297
10011:
4.430171716021935
4.073718463989414
10012:
3.050508759975732
3.971487067581138
2.9154470215351616
3.045585651479968
3.641198085775665
3.7214509699732057
2.409048654736959
3.231858846203867
2.933488288541274
3.245951852948631
3.6973780177683784
3.0331955212247528
2.909421570218204
10013:
3.533669104561672
3.1973440847719448
3.493318738597223
3.64393105232106
3.253801688507486
3.3919783266841237
3.1856305253996138
3.522320207026004
3.190559200736696
3.7450544620183233
2.830143336277705
3.9429457018795273
3.1777059421060625
3.5762417756534552
2.983048176374663
3.177082111787909
2.8324392546450516
3.0509763335082174
3.3003903824646006
2.7565626312684284
2.945673600539879
2.6235106832164803
3.129064911596796
3.566078250784048
3.580496307654935
3.1231974000084604
3.2865580629724027
2.512008055409505
2.7559803377449583
3.242772653932745
3.0502042095753987
2.7049044766889256
2.8806535403593374
3.7274100273852855
3.035101393120074
2.897890983281712
3.322571463307411
3.899771187418161
3.713644901050482
2.688298168458511
3.9923938718510503
3.2056535403593376
3.396764651470449
3.296375189843874
3.3929117883684388
2.674777964322471
3.169756104461902
3.3737951332796916
2.8827796400660826
3.5086184999280707
2.9386265133323106
3.0523748518347475
3.492384931945098
3.7460044175523204
3.2266852863910835
2.5969452675001214
3.751542134523794
10014:
3.0528683346649883
3.948244191525683
2.5351719197145686
3.5594472820334095
3.025243301933907
10015:
3.751663110116846
3.239651373458126
2.8561927268415848
3.4701406704140068
3.8627403458892036
3.457124403860218
4.030795901444759
3.808573679222537
3.8390084618312326
3.3174795316398398
3.9294070125558704
3.6219070125558703
3.3919070125558703
4.0752403458892035
4.0752403458892035
3.4171363703540356
3.720854380976923
4.118097488746347
3.7038405472990727
4.10500664355218
5.126981639421542
4.092524296506488
4.594136311918927
2.808573679222537
3.1419070125558703
3.272341795164566
4.1034454740943325
3.6512237827422056
10016:
2.679642012055576
1.8731605305740944
2.1740864565000204
2.801685022808264
3.6179915266186824
10017:
3.0280415536904117
3.3725576827226695
3.085819331468189
10018:
4.683675190545885
3.83054619948586
2.8035008986068877
3.024275284310536
3.386610490991559
3.726638153508848
3.508597441040655
3.2234703048090845
2.3065020990870795
3.909548951630914
3.5077492646199593
3.9133048201755147
3.8549714868421816
3.7359714868421814
3.242011496721164
3.631728675340584
3.3867511478591306
3.5799714868421817
3.3917361927245344
3.5799714868421817
3.4666381535088484
3.1674714868421816
4.001135508006203
4.098539719504374
3.3481533050239998
3.9373174584061625
3.533369545094609
3.8220767500000763
3.675053454055296
4.0564420750774755
10019:
3.3989272654011953
3.0513765897255194
3.713353635264209
2.9684315757460227
4.322796946252259
4.199920482455459
3.4770522654011953
2.5924368807858107
3.7611431744921044
3.2912233883958475
4.432934618342372
2.895591591243892
2.9372624756114054
3.2032427415916715
3.7270522654011953
3.5551279751803753
3.815789466766383
3.4543249926739223
3.3208022654011953
4.38089841924735
3.7270522654011953
3.7687189320678622
3.7371532755022057
3.5149310532799833
3.8920522654011953
3.8186553188363095
3.065513803862734
3.2115426642195115
3.249176159206505
3.7270522654011953
3.3164831597101383
3.3424368807858107
3.7270522654011953
3.957821496170426
3.2142317525806825
3.9867925251414547
2.317961356310286
3.60730109899373
3.9101508569504912
3.9270522654011955
3.9946578992040123
4.18159771994665
3.6171231873870107
3.8127665511154807
4.177052265401196
2.8992041641353725
3.7726796418270507
4.133948817125333
3.8699094082583385
3.598807990592035
3.015941154290084
3.206570337690352
3.8193599577088873
3.2298731398722813
3.298480836829767
2.3308258503068555
2.787888767302336
3.1492744876234173
4.333112871461802
3.1556236939726237
2.8397690284069754
3.337221756926619
3.2655138038627336
3.3253428636917937
3.8167074378149883
4.727052265401195
3.3249904097310923
4.7131633765123055
3.5287282430548266
1002:
3.1542194985525667
2.7550852994183677
3.300539844872913
3.474602995462781
3.328822673155741
3.5732671176001856
3.8545679306083156
2.373267117600186
3.399393243726312
3.396506554219904
4.003837065786714
3.455536621146285
3.2732671176001857
2.995489339822408
10020:
3.9358785339947997
4.101253210997384
3.70960379760884
4.240967182394523
3.9019068057686255
3.6862205312588214
3.932318970634572
4.313058766552939
4.261831597603168
3.9924252049091034
3.934586544330717
4.942523052267225
3.773475433219606
4.060034573004552
3.9803381783176452
3.939941296673421
4.287041324692474
3.596574848424284
4.195025327062494
3.5931724029165757
4.419966661289782
3.377397001847057
3.803867590082351
3.7401420998862727
3.2901420998862725
2.4901420998862727
4.238775979667693
10021:
1.9734654155428446
2.424991667069096
2.489477011309041
2.0861027781802073
10022:
2.1340292390249114
3.1915105721913903
2.894842985815352
2.67573261387448
3.2250695524592863
3.218543804126189
2.5040719810040275
2.5357321237624895
10023:
3.978676474325332
3.8610294155018026
3.898598349325332
3.545343140991999
4.801257119486622
3.5494081816424052
3.295270360788214
3.8207817374832267
3.474859680432202
3.9351982134557666
4.403334008571908
10024:
3.483319618738321
3.9564884397332287
3.2742510460333842
3.808822447148126
3.4310092438473005
3.0647878056752575
3.040862616281318
3.1757614911346352
3.675950137455796
3.6947663595968265
10025:
2.8566767285841674
10027:
4.574945992340211
3.7000496923568034
3.6075673603549716
3.724336441589218
3.0255262244330487
3.641597653004477
3.5248993607843633
4.262544108509756
3.3564085773742254
4.148827589588777
3.7959449182263554
3.8515222945028675
4.052221385255999
3.3483567594526678
3.90848299995763
4.341298687264335
3.6305682412397715
4.09201884089711
4.232560651106944
3.9679800059456536
3.53929035077324
4.204923826170373
3.830925163471908
3.6721751278968733
4.282332947122124
4.074453690156179
4.408206956300264
4.528035561501209
4.693313339278987
4.544595390561039
4.599004396189557
4.09634364230929
3.301712289410221
3.6825025284681763
4.081180756414697
4.546841319814267
4.743313339278987
4.081032637524601
4.1305682412397715
3.5736422450348377
4.225882584742215
4.200520546486194
5.093313339278987
3.7614292813079726
3.677159029453791
4.3132646774785
4.119163679415042
3.963010308975957
4.405105354135069
4.360401946873924
3.9153563500316753
4.316842751043693
3.7069598717174657
3.617923931179299
3.5052568789098233
4.275720746686394
3.5528371488027966
3.5986417159828283
4.424265720231368
4.245086388924377
3.663226759192407
3.685308336152033
3.3172127103481697
3.253939737489278
4.5587895297551775
4.940959833034991
3.281396532083934
4.170849571163045
3.3266466726123203
4.292332947122125
4.213551434517083
4.181332319112913
4.018161824127472
3.8266466726123203
4.568143271251776
4.007087443962183
4.304365032683622
4.153177284857218
2.969025232076307
3.7442639096211923
4.7784010585772325
4.898075244040892
3.0144639314955692
3.8028371488027966
4.083056929022577
4.342222996599859
3.8415198134697133
4.112611584893022
10028:
2.809893405542263
3.054842900491758
2.731340433966036
3.811602807251665
3.9509562074746305
2.6719386366140427
4.119965238035004
10029:
2.996478911666476
3.9095223899273455
3.779988711170869
2.795487302208047
10031:
3.239123402875709
2.5945492270515333
3.494165828804211
2.432227595979902
3.926521009628155
2.8411973852313817
2.6432430663980275
2.2726719143529133
2.6356590705978173
10032:
3.0826401036151827
4.831861287415805
4.198527954082472
4.308872781668679
4.097355424769239
2.723868090136894
3.523309295190344
3.3900942191427132
3.8341443924386365
2.4355027439984385
3.1840949643917504
4.23765838886508
4.731861287415805
3.46911618937659
4.137565387237553
2.7886514108725957
3.6924055051028803
3.456861287415806
3.4634402347842266
3.6810676366221546
3.2036561592106776
3.5312382344563042
3.3027832732314084
3.541385096939615
3.5794686993482023
3.0610279540824723
3.460415431396447
3.515769333392817
4.201917784590947
3.2159192584302985
3.5904562052035485
3.8069391690357435
4.138062837803403
3.784242239796758
3.398527954082472
4.02156942873685
3.303871465532854
3.277289016029375
3.4227703783248966
3.3938270993816175
3.5248437435561564
3.6469654540824723
3.4056708112253293
3.0130207077056608
3.3837419618645734
3.608917564472083
3.971723830371132
10033:
3.6028388016968513
3.276912875770925
2.3393467382047874
3.3536324524905017
3.1992545723061703
2.6186094110158473
3.0250610239190734
2.788697387555437
3.2315126368222993
2.8536324524905017
3.406369435134027
3.143507625860821
4.425061023919073
3.6631562620143114
10034:
1.6422436128924707
2.3396831577004367
10035:
2.6272393221728465
4.679729440749921
4.802635669754625
4.2963725145618525
4.497369192302717
4.403292537250452
3.67114531597864
3.563814375026969
3.8045120494455738
3.4515826984978424
4.074942156972455
3.8458880555781914
4.083325608767607
4.2265120494455735
3.923477566686953
3.9505572471856865
4.072012049445574
4.197369192302716
4.3024287161122405
5.270399899912864
10036:
3.3067637559744543
3.4038639317213786
3.5919042775427044
3.3538639317213788
3.9316417094991563
3.633296555834854
3.0584655029896166
3.771192451576974
2.868149646007093
3.1217939608758973
3.3506724423596763
3.6711053110317233
4.070530598388045
3.961203381262663
4.6275481422476945
4.053863931721379
3.722491382701771
4.022284984352957
2.6209691948792733
3.106805108191967
3.7967210745785214
3.4038639317213786
4.273481156601761
4.012687461133144
3.990227568085015
4.253863931721378
3.972045749903197
3.8549055983880454
3.9217964211728553
3.031056914177519
3.6929264317213786
3.1394754425127456
3.019248547105994
3.5253958979457454
3.386091419873037
3.524234302091749
3.813204591062038
3.76676715752783
3.5530574801084756
3.9373034221672385
3.4235268530696934
3.9038639317213786
4.311006788864236
4.084419487276934
3.9538639317213784
4.133455768456073
4.687197265054712
4.620530598388045
3.189578217435664
4.116826894684341
3.3269609077380626
3.8356821135395602
3.8367210745785214
3.0814001636054367
3.660357438214885
4.38534541320286
3.206037844764857
4.939578217435664
3.4328113001424314
4.10499831217513
3.9038639317213786
4.443672848918831
3.274964849152571
4.495197265054712
3.298845344360784
4.551124205693982
3.605476834947185
4.153863931721379
3.8811366589941056
4.0337438116012585
4.719081323025726
4.054526183377008
3.869840263082325
3.343257871115318
3.9988251720314563
4.284072265054712
4.123863931721379
3.303117663064662
4.153863931721379
4.1642805983880455
3.7538639317213787
3.440530598388045
4.777141113957213
4.095611504536913
3.01593289723862
3.86497504283249
3.5898245228543835
3.9433376159319047
3.91326242796198
3.6538639317213786
3.395243242066206
4.288999066856514
3.5717743794825725
4.194959822132337
3.601827732626356
3.311758668563484
3.3257389317213786
3.963387741245188
3.5123544977591146
4.2192844924690425
4.294658155548094
3.8575676354250823
3.5629548408122877
4.514053505181094
3.3303345199566725
3.0153387766559065
3.7837183006534176
3.249102026959474
3.405137276373331
3.9079622923771162
3.9230947009521477
3.4147334969387697
3.5957243968376575
4.003863931721378
3.5016900186779005
3.7307870086444557
4.653863931721379
3.4316417094991563
3.557005292977923
3.9807870086444557
3.75794556437444
3.8633233911808382
3.8925002953577423
3.630054407911855
3.9773933434860846
3.439578217435664
4.296721074578522
4.5705305983880455
3.513087232692252
3.3691749365060675
4.012838290695738
3.2076273725815936
3.2967210745785214
4.153863931721379
3.558275696427261
3.2854428790898
3.897179439742769
3.8665336149792973
4.120530598388045
3.1038639317213788
4.708642486499933
4.185113931721379
3.273429149112683
3.709419487276934
3.393863931721379
4.653863931721379
3.447361295517512
3.897107174964622
3.4642087593075854
3.288885028767792
3.9541183846475874
4.000017777875225
4.057089738172992
3.491128082664775
3.7538639317213787
3.4265912044486515
4.859746284662555
3.5538639317213785
3.7307870086444557
4.454834805507787
4.132229316336764
3.450160228017675
3.9860317638892107
4.108409386266834
3.72747769845178
3.720665551154577
4.099809877667324
4.41473349693877
3.868806460457011
3.543744884102331
3.371456524313971
3.5615072438232893
4.207435360292807
3.4691040152286856
3.985479051996293
3.903642103859799
3.585236480740986
4.153863931721379
4.096171624029071
4.4455305983880455
3.745234490097013
4.438586153943601
3.2704717055729686
